# DSDP drilling locations
-92.1833	25.8583
-92.0587	23.0455
-92.0433	23.03
-73.792	24.478
-73.792	24.478
-73.641	24.7265
-73.641	24.7265
-67.6477	30.8398
-67.6477	30.8398
-68.2967	30.134
-68.2967	30.134
-52.2153	32.8622
-44.7467	29.943
-44.7467	29.9433
-26.0005	19.6955
-26.0005	19.6955
-26.0005	19.6955
-26	19.695
-26	19.695
-67.5533	35.3833
-67.5533	35.3833
-59.195	32.7733
-59.195	32.7733
-18.2285	6.04
-18.2285	6.04
-20.941	-28.3315
-17.9832	-30.8897
-15.7132	-30.3358
-6.6025	-28.0457
-6.6025	-28.0457
-6.6025	-28.0457
-8.0117	-27.9787
-23.6772	-28.5347
-26.843	-28.5262
-26.8455	-28.5245
-26.8455	-28.5245
-26.8455	-28.5245
-30.5975	-28.585
-30.5975	-28.585
-35.25	-30.0052
-31.0433	-6.1458
-30.8922	-6.2717
-30.891	-6.2763
-39.24	-0.5167
-39.24	-0.5167
-44.0428	10.8925
-44.0428	10.8925
-56.8793	15.8565
-56.8793	15.8565
-65.6222	20.5865
-69.3227	14.7852
-69.3227	14.7852
-69.3227	14.7852
-69.3227	14.7852
-63.3833	12.882
-72.0272	14.9433
-127.556	37.1272
-127.497	39.4747
-127.276	39.4702
-127.475	40.6737
-127.52	40.8392
-130.11	40.9847
-140.719	40.979
-140.355	38.702
-139.572	32.8047
-139.901	19.7928
-140.048	19.8542
-140.189	13.8427
-140.189	13.8427
-151.375	17.1098
-169.015	19.3083
-178.508	24.265
-178.508	24.265
171.438	27.8833
157.712	32.4483
157.712	32.4483
157.712	32.4483
158.022	32.4083
158.022	32.4083
158.022	32.4083
156.6	32.4017
156.6	32.4017
156.572	32.4033
156.572	32.4033
153.405	33.475
153.405	33.475
147.13	27.7717
141.192	18.0333
141.192	18.0333
141.192	18.0333
140.302	15.61
142.535	9.3017
143.56	8.3733
143.56	8.3733
143.56	8.3733
143.533	8.6817
143.533	8.6817
143.533	8.6817
144.418	9.235
144.418	9.235
144.418	9.235
147.582	11.78
147.582	11.78
147.582	11.78
145.698	13.6667
147.062	12.0837
147.062	12.0837
141.938	1.87
141.938	1.87
147.89	0.8355
147.89	0.8355
147.89	0.8355
158.61	-1.7422
158.61	-1.7422
176.986	4.3535
176.986	4.3535
-166.122	2.3935
-166.122	2.3768
-157.648	24.376
-157.648	24.376
-164.173	16.722
-164.173	16.722
-152.865	6
-152.865	6
-140.362	6.3347
-140.362	6.3347
-140.362	6.3347
-140.315	4.4713
-140.315	4.4713
-138.867	0.4415
-138.867	0.4415
-137.469	-1.9097
-136.097	-6.2367
-134.267	-12.5167
-134.267	-12.5167
-145.661	-14.0983
-145.661	-14.0983
-133.228	0.4817
-133.228	0.4817
-133.228	0.4817
-133.228	0.4817
-127.356	7.95
-121.567	2.5503
-121.567	2.5503
-121.554	-0.962
-121.554	-0.962
-113.809	1.4415
-106.942	2.5913
-106.942	2.5913
-95.7375	4.0467
-95.7375	4.0467
-82.8882	5.7487
-91.4228	22.8415
-91.4228	22.8415
-90.9625	22.8747
-92.086	23.015
-94.0035	21.3822
-95.1122	20.8902
-94.7682	23.7967
-93.3462	23.7733
-91.8215	25.8448
-91.4797	22.6208
-88.4693	24.5273
-86.3975	24.15
-85.7633	23.7427
-84.4457	23.8842
-73.7997	24.6878
-74.4385	25.1988
-74.4385	25.1988
-74.4523	30.7322
-74.5832	30.4513
-74.3273	30.8275
-69.1733	34.8953
-69.4615	36.4335
-69.4615	36.4335
-69.4302	36.4213
-72.4753	38.6598
-72.6535	38.8045
-77.3113	25.3825
-73.8498	23.6857
-73.8498	23.6857
-46.3675	50.4262
-46.3675	50.4262
-46.604	54.0167
-46.604	54.0167
-48.3318	56.79
-26.8	59.9333
-21.1167	58.9067
-15.9243	57.496
-15.9243	57.496
-15.3995	57.3362
-15.3995	57.3362
-9.0105	45.0442
-7.9748	45.0317
-11.4323	36.6898
-4.3738	36.1608
2.6243	40.4478
2.8378	40.6305
4.9948	38.873
20.4293	34.6248
20.4293	34.6248
21.4272	35.162
21.4272	35.162
22.4968	35.7317
22.4968	35.7317
22.4968	35.7317
22.4683	35.7097
27.082	34.3493
27.082	34.3493
27.082	34.3493
27.8665	33.6052
27.8665	33.6052
28.5115	33.1065
28.5115	33.1065
11.4412	40.2617
7.3355	39.1998
7.3042	39.195
7.3042	39.195
7.3042	39.195
7.3042	39.195
7.3042	39.195
7.3042	39.195
-10.4243	35.3467
-16.3032	34.1688
-27.0607	25.9255
-25.5632	25.9228
-18.7043	23.519
-21.792	21.7495
-21.792	21.7495
-23.9985	19.4193
-42.3915	3.3692
-54.3118	9.4742
-54.3118	9.4742
-54.3118	9.4742
-54.3118	9.4742
-54.3118	9.4742
-54.342	9.4538
-54.342	9.4538
-54.342	9.4538
-68.0562	16.579
-69.3778	15.1165
-69.3778	15.1165
-65.1747	10.708
-65.1742	10.7113
-65.1742	10.7113
-65.1742	10.7113
-63.7208	13.4187
-69.3642	15.1042
-69.3558	14.5115
-69.3558	14.5115
-73.4097	15.017
-74.6078	15.8787
-72.4347	13.9722
-80.3792	11.0852
-80.3803	11.0845
-81.0437	6.123
-85.401	-1.68
-85.9028	-1.7617
-85.9028	-1.7617
-85.236	6.6227
-122.288	12.332
-130.88	11.7045
-139.954	10.6708
-139.954	10.6712
-140.044	14.8698
-150.292	11.2443
-150.292	11.2443
-161.517	13.2017
-164.86	8.1783
-164.86	8.1783
-175.08	3.7617
-175.08	3.7617
-176.825	7.0683
173.598	10.7033
173.55	10.67
177.617	11.8
-169.46	19.1317
-133.373	31.5372
-133.373	31.5372
-125.452	39.9618
-126.347	44.8897
-126.357	44.8897
-125.242	44.8367
-124.617	45.9333
-130.205	50.4697
-130.205	50.4697
-147.131	56.9563
-145.989	56.409
-147.856	57.3627
-148.465	57.4383
-148.717	57.8827
-148.723	57.8813
-161.206	52.5717
-170.923	53.7107
-170.923	53.7107
-170.923	53.7107
-169.243	54.4288
-174.006	51.1302
-173.953	51.11
178.659	53.7535
170.223	54.0357
171.64	55.5592
168.179	56.945
168.179	56.945
168.179	56.945
164.714	53.0095
164.714	53.0095
155.871	45.8033
148.811	33.978
146.979	32.7733
146.979	32.7733
146.979	32.7733
148.575	30.1162
147.674	30.2907
154.584	25.8257
154.584	25.8257
156.172	13.513
156.783	12.8367
156.783	12.8367
156.743	12.8315
156.952	12.815
-177.546	-22.1537
-174.111	-24.9545
-174.111	-24.9545
177.899	-25.5165
165.452	-32.0125
165.452	-32.0125
165.452	-32.0125
165.452	-32.0125
165.434	-36.9625
165.434	-36.9625
161.221	-26.1102
152.188	-15.9365
152.188	-15.9365
152.896	-13.7665
102.699	-9.7755
99.2973	-19.189
93.8962	-10.2118
93.8962	-10.2118
88.718	-11.3368
86.7917	-8.1217
90.208	1.4622
90.208	1.4622
90.5388	8.9262
90.5388	8.9262
86.2828	8.007
72.8778	9.0292
72.8778	9.0292
70.9837	6.5162
68.4062	7.9697
61.5093	20.0915
60.1297	18.7497
59.7017	16.5418
38.2518	21.3097
38.0822	21.3418
38.0822	21.3418
38.0822	21.3418
38.0822	21.3418
38.1328	21.331
39.0033	19.086
42.1912	14.7682
42.1912	14.7682
41.8342	15.3167
48.2452	11.8902
51.9145	14.4822
51.9143	14.4827
52.1352	14.328
52.1352	14.328
51.2247	4.4827
51.2247	4.4827
52.694	3.2343
57.6475	-1.677
58.1247	-7.0832
70.526	-11.1535
51.6788	-21.2945
50.0537	-3.4873
50.0537	-3.4873
44.6795	-2.3707
41.8205	-15.8442
41.3998	-22.9082
41.433	-22.9312
52.3018	-31.5337
52.3018	-31.5337
45.1595	-33.6202
45.0113	-33.6255
37.4747	-29.5297
36.077	-29.9498
39.3692	-33.4623
39.3692	-33.4623
49.4858	-36.5042
49.4858	-36.5042
59.2388	-37.0407
87.3662	-24.8775
87.8953	-30.9692
93.7287	-31.1312
100.774	-23.4558
108.35	-30.986
112.474	-33.7948
112.474	-33.7948
112.474	-33.7948
112.696	-29.6175
110.299	-16.1445
117.893	-12.9472
123.846	-10.8698
110.964	-23.3238
112.045	-34.9688
112.045	-34.9688
109.946	-53.5408
110.112	-56.4022
104.488	-59.2623
104.488	-59.2623
104.488	-59.2623
105.156	-63.9498
140.07	-61.6762
140.07	-61.6762
-178.503	-77.4413
-175.048	-76.7212
-176.76	-77.127
174.626	-74.5382
174.626	-74.5382
173.427	-68.9968
176.316	-50.439
176.807	-50.8018
166.191	-52.2238
160.072	-56.557
160.072	-56.557
162.635	-51.3357
162.635	-51.3357
147.235	-48.9573
147.235	-48.9573
147.764	-47.9973
147.764	-47.9973
143.486	-42.246
154.283	-43.91
154.283	-43.91
167.68	-40.508
167.68	-40.508
175.804	-26.8193
175.804	-26.8193
166.37	-16.532
153.266	-13.9112
161.826	-5.9725
161.826	-5.9725
161.826	-5.9725
161.826	-5.9725
158.512	-0.4987
133.468	17.7475
133.468	17.7475
127.831	12.8072
127.831	12.8072
124.651	15.8185
124.094	20.3542
131.536	22.579
131.367	22.5627
133.525	29.3402
134.165	30.8727
134.165	30.8727
133.604	31.7155
133.604	31.7155
137.662	39.4947
136.105	41.0493
134.048	41.0625
136.9	40.3355
154.451	40.8083
154.451	40.8083
155.07	39.3378
157.85	32.0022
157.479	31.867
161.005	28.5877
172.15	34.9823
171.561	34.9053
176.902	36.8685
176.902	36.8685
179.738	28.1243
-178.133	25.5783
-170.952	20.1753
-168.468	15.9127
-158.526	4.171
-158.526	4.171
-157.128	0.0907
-162.263	-11.0015
-162.263	-11.0015
-162.263	-11.0015
-146.859	-14.8272
-101.524	-13.0173
-101.524	-13.0173
-83.53	-9.0067
-83.53	-9.0067
-83.53	-9.0067
-81.904	-12.0215
-79.4248	-60.0242
-97.9948	-63.6807
-98.7867	-69.0535
-73.6733	-65.0465
-65.3033	-56.5833
-46.7837	-50.8713
-46.7837	-50.8713
-36.6588	-49.8112
-36.6588	-49.8112
-36.6588	-49.8112
-46.0955	-50.6552
-46.8833	-50.9198
-46.8833	-50.9198
-38.1153	-37.8833
-33.641	36.8787
-33.641	36.8787
-33.641	36.8787
-33.641	36.8787
-33.641	36.8787
-33.6675	36.8408
-33.6675	36.8408
-34.4145	37.0355
-35.1987	37.2957
-7.7878	63.351
-5.3418	64.8717
5.3877	67.7852
6.3175	67.2108
6.3063	67.2078
6.1107	67.335
4.9337	67.9507
5.7622	68.7152
7.8753	76.1497
-1.2377	69.8372
-8.6855	69.8892
-8.6967	69.8718
-12.462	68.503
-8.0967	69.2068
-8.2947	67.0557
-11.3043	67.789
-12.471	63.6495
-12.471	63.6495
-44.0375	10.915
-44.0375	10.915
-44.0375	10.915
-44.1963	5.8992
-30.6005	-15.7098
-41.088	-28.287
-41.088	-28.287
-35.5598	-30.0042
-35.9637	-37.6552
-4.4972	-34.985
-4.4972	-34.985
18.0965	-35.8458
15.4485	-35.0662
10.5325	-19.7575
10.5325	-19.7575
9.0467	-19.6458
11.9717	-11.572
11.8953	-11.6517
-19.8513	5.678
-19.8513	5.678
-20.0472	12.4868
-21.3538	17.5072
-14.9987	26.5925
-14.9987	26.5925
-10.776	32.8375
5.2592	37.598
4.7965	40.08
4.7965	40.08
12.9927	39.728
12.9927	39.728
18.1963	35.8478
31.76	34.7622
31.8075	34.872
21.431	35.1617
25.1162	35.9278
25.1162	35.9278
36.0117	43.005
36.0117	43.005
36.0117	43.005
29.6137	42.099
29.6137	42.099
29.416	41.6708
-56.5375	34.4173
-53.353	39.248
-51.6633	40.3608
-60.1575	37.3695
-64.249	31.1868
-67.6667	32.32
-69.396	35.5222
-69.396	35.5222
-76.0928	30.1423
-76.1123	30.1423
-76.1123	30.1423
-75.6127	28.2288
-75.6167	28.2268
-75.6167	28.2268
-75.6167	28.2268
-76.178	29.9105
-76.178	29.9105
-75.599	28.1967
-75.599	28.1967
-75.596	28.195
-75.596	28.195
-46.0817	22.7558
-46.0817	22.7558
-43.5158	22.4813
-43.515	22.9857
-43.515	22.9857
-15.18	26.845
-15.18	26.845
-10.7183	40.96
-10.7183	40.96
-10.7183	40.96
-10.7183	40.96
-10.7183	40.96
-9.2217	47.39
-9.1983	47.3817
-9.1983	47.3817
-8.8103	47.4275
-8.8407	47.8747
-8.8407	47.8747
-23.294	56.1385
-23.2492	56.0522
-22.0582	55.3363
-22.0902	55.2583
-30.576	63.9387
-28.9118	63.3772
-25.9528	62.6163
-29.476	45.5088
-29.476	45.5088
-33.3883	36.7662
-33.3883	36.7662
-33.166	36.5623
-33.166	36.5623
-33.175	36.5432
-27.5017	32.05
-11.6518	31.0287
-11.6518	31.0287
-11.6518	31.0287
-10.801	32.8363
-10.801	32.8363
-68.0413	25.1105
-68.0413	25.1105
-68.047	25.1115
-68.0468	25.1115
-68.0468	25.1115
-68.0468	25.1115
-68.0573	25.035
-68.0573	25.035
-68.0573	25.035
-68.0575	25.0347
-105.686	8.9327
-105.687	8.9245
-106.113	9.0017
-106.105	9.0083
-106.061	9.0235
-105.271	9.1765
-105.109	9.1468
-86.1303	0.5938
-86.1302	0.5888
-86.1303	0.597
-86.1303	0.5988
-86.0703	1.3947
-104.255	8.788
-104.606	8.1132
-105.436	9.0462
-105.436	9.0462
-106.772	9.0335
-106.765	9.0335
170.591	37.9813
170.598	37.9882
170.602	37.992
170.545	42.424
170.543	42.4232
170.379	41.3338
170.379	41.3338
170.021	44.7767
170.021	44.7767
170.02	44.7772
170.02	44.7772
144.102	39.746
144.102	39.746
144.101	39.7478
143.792	39.7348
143.793	39.735
145.558	39.9327
145.666	39.8972
143.232	40.6292
143.236	40.6298
143.247	40.63
143.311	40.6268
143.929	39.7388
143.929	39.7355
143.929	39.7355
144.077	39.7508
144.077	39.7508
144.077	39.7513
136.057	28.9833
136.057	28.9833
136.057	28.984
137.441	29.3275
137.684	28.6375
137.684	28.6375
133.208	25.5227
132.775	24.7007
132.775	24.7007
133.29	18.0147
133.29	18.0147
134.874	16.341
134.874	16.341
136.536	18.0307
140.789	18.0003
143.276	18.0147
148.629	17.6698
148.629	17.6695
143.682	17.907
144.532	18.013
144.532	18.013
145.358	17.8543
145.18	17.9113
145.181	17.9118
145.817	17.8332
146.934	17.8642
147.301	17.8625
147.301	17.8625
147.301	17.8625
147.599	17.669
147.586	17.667
147.686	17.7675
147.688	17.767
165.031	7.2375
165.032	7.2417
174.668	21.3502
173.889	39.8607
178.919	33.8205
178.919	33.8205
179.256	34.191
-120.758	33.8495
-120.118	32.6172
-120.109	32.6235
-120.109	32.6235
-120.548	32.6167
-117.519	28.9077
-117.519	28.9077
-112.496	23.4822
-113.995	23.0058
-113.995	23.0058
-107.063	20.9653
-108.981	22.962
-108.978	22.9593
-109.053	23.0505
-109.064	23.0573
-109.06	23.056
-109.089	23.0405
-111.4	27.0308
-111.399	27.03
-111.399	27.0293
-111.507	27.0968
-111.625	27.846
-111.656	27.9017
-111.508	27.253
-111.508	27.253
-107.994	22.7897
-107.993	22.7897
-107.993	22.7897
-107.993	22.789
-107.992	22.7885
-107.993	22.7895
-107.993	22.7893
-108.748	22.8833
-108.747	22.8832
-108.747	22.8832
-108.743	22.883
-108.393	23.1887
-108.394	23.1858
-107.904	22.7492
-107.904	22.7487
-99.135	15.9228
-99.138	15.9138
-99.1753	15.8535
-99.0277	15.9517
-99.0188	16.2698
-99.0188	16.2698
-99.0565	16.1593
-98.9722	16.029
-98.9453	16.0788
-98.9453	16.0788
-98.9453	16.0788
-98.9255	16.381
-98.9255	16.381
-98.9255	16.381
-90.9328	12.7167
-90.9328	12.7168
-91.0377	12.4963
-90.7952	13.0637
-90.828	12.9872
-90.9157	12.7113
-90.9157	12.7113
-90.9448	12.671
-90.9483	12.6762
-90.9447	12.6705
-90.9505	12.6717
-90.945	12.6742
-90.9415	12.6892
-90.943	12.6842
-90.943	12.6842
-83.7343	1.2272
-79.3797	11.4903
-79.379	11.491
-79.3782	11.4918
-79.3783	11.4913
-95.6368	4.0507
-95.6368	4.0673
-95.6387	4.0503
-83.7322	1.2263
-83.7325	1.2268
-83.7303	1.22685
-83.7315	1.2273
-83.79	1.9133
-83.79	1.9168
-83.7883	1.92
-83.7303	1.22685
-86.0998	0.6098
-86.0913	0.6098
-86.0913	0.6102
-86.0913	0.6077
-86.0913	0.607
-86.0913	0.6098
-86.0913	0.6105
-86.0915	0.6098
-86.0913	0.607
-86.0913	0.6077
-86.09	0.5667
-86.09	0.5667
-86.09	0.5667
-86.09	0.5667
-86.09	0.5667
-86.09	0.5667
-86.09	0.5667
-86.09	0.5667
-86.09	0.5667
-86.09	0.5667
-86.1	0.5333
-86.1	0.5333
-86.1	0.5333
-86.1	0.5333
-86.1	0.5333
-86.1	0.5333
-86.1315	0.589
-86.1315	0.589
-86.1322	0.5888
-86.1315	0.5888
-86.1315	0.5888
-86.41	1.6132
-46.9717	-51.0047
-40.8452	-49.8698
-40.8452	-49.8695
-24.64	-47.5832
-24.64	-47.5832
-26.855	-46.0462
-36.5028	-26.2388
-36.5028	-26.2385
-36.5032	-26.2387
-35.2852	-30.2763
-35.2853	-30.2765
-35.2853	-30.2765
-35.2853	-30.2765
-35.2852	-30.276
-35.2852	-30.2765
-35.285	-30.2765
-38.0412	-30.9468
-38.1353	-29.9737
-11.6662	-26.1367
-11.6662	-26.1367
-11.1857	-25.5233
-11.1857	-25.5233
-10.2645	-26.0738
-10.2598	-26.0757
-5.1297	-26.114
-5.1297	-26.114
-5.1297	-26.114
-2.2513	-28.5522
3.5123	-29.4842
3.5123	-29.4842
3.5123	-29.4845
2.9853	-29.0707
2.9853	-29.0707
2.9853	-29.0707
2.9853	-29.0707
2.9853	-29.0707
2.9853	-29.0707
2.9853	-29.0707
3.138	-30.1227
3.138	-30.1227
3.138	-30.1227
3.138	-30.1227
1.7633	-28.0415
2.324	-28.5248
2.3162	-28.5193
2.768	-28.9305
9.3858	-19.1877
9.3858	-19.1877
9.3862	-19.1877
9.5885	-19.6407
9.5912	-19.64
10.5188	-19.7435
10.5188	-19.744
10.5188	-19.7443
-74.8698	31.26
-74.8698	31.26
-75.3817	28.3433
-75.3817	28.3433
-84.5162	23.708
-85.2097	23.4898
-85.4603	23.9335
-85.171	23.8497
-85.1655	23.8492
-84.4198	23.789
-84.4198	23.7867
-84.3708	23.8288
-46.0817	22.7558
-46.0817	22.7558
-58.7283	15.52
-58.7133	15.517
-58.7133	15.5195
-58.7132	15.52
-58.6537	15.7123
-58.6537	15.7123
-9.405	33.7667
-9.405	33.7667
-9.405	33.7667
-9.3647	33.6643
-9.5643	33.7785
-9.5633	33.7787
-9.3497	33.7807
-9.3497	33.7807
-9.3497	33.7807
-12.164	48.9158
-12.1645	48.9155
-13.098	49.088
-13.0982	49.0882
-13.4395	48.5152
-13.4395	48.5152
-13.4387	48.516
-13.5015	48.9107
-23.2313	56.0427
-23.2313	56.0427
-23.3435	56.0887
-23.3435	56.0887
-23.3435	56.0887
-23.5282	56.2902
-23.5282	56.29
-20.7822	56.5617
-34.6853	38.9397
-32.5597	38.8325
-37.3435	37.77
-37.3435	37.77
-40.9167	35.1242
-38.8427	34.7222
-39.0283	34.785
-41.6793	33.1415
-43.7673	33.6422
-43.7672	33.7393
-83.7303	1.22685
-86.0907	9.7282
-90.6965	12.8057
-90.6998	12.7985
-90.6917	12.8135
-90.6922	12.814
-90.9332	12.716
-90.932	12.7165
-90.8	13.0722
-90.8392	12.9385
-90.8468	12.937
-91.3928	13.2853
-114.142	3.9973
-113.842	1.4348
-113.842	1.4348
-113.842	1.4348
-113.842	1.4348
-113.842	1.4348
-133.309	0.4985
-133.309	0.4985
-133.309	0.4985
-133.33	4.2087
-133.33	4.2087
-133.33	4.2087
-133.33	4.2087
-135.036	5.85
-135.036	5.85
-135.036	5.85
-135.036	5.85
164.276	32.356
164.275	32.3563
164.275	32.3562
157.723	32.4418
157.723	32.4422
157.723	32.4413
151.629	33.926
153.836	38.628
153.838	38.6268
153.976	41.6245
159.796	43.927
133.914	31.7752
133.913	31.775
133.913	31.775
133.857	31.8333
133.854	31.8363
133.854	31.83
133.854	31.83
133.859	31.8293
133.855	31.835
133.855	31.835
133.857	31.8345
143.952	40.4667
143.945	40.4667
143.96	40.4667
159.796	43.9277
159.796	43.9277
159.797	43.924
165.032	7.2417
156.815	13.4833
156.815	13.4833
158.498	-0.4973
158.498	-0.4973
158.498	-0.4973
158.498	-0.4973
161.333	-21.1847
161.227	-26.1117
161.227	-26.1117
161.227	-26.1117
161.227	-26.1117
163.64	-30.712
163.359	-31.167
163.359	-31.167
163.359	-31.167
164.449	-31.5843
164.449	-31.5843
164.449	-31.5843
165.442	-36.4733
167.674	-40.5078
167.674	-40.5078
174.948	-45.5235
174.948	-45.5235
174.948	-45.5235
-165.531	-23.8225
-165.527	-23.8223
-165.527	-23.8223
-165.654	-23.8533
-165.654	-23.8533
-165.654	-23.8533
-83.7303	1.22685
-129.77	-18.8063
-129.77	-18.8072
-129.77	-18.8072
-129.77	-18.8072
-124.677	-19.0047
-124.677	-19.0047
-119.881	-19.4515
-119.881	-19.4515
-119.881	-19.4515
-116.84	-18.929
-116.84	-18.929
-116.84	-18.929
-116.841	-18.9283
-116.868	-18.9203
-116.868	-18.9203
-116.868	-18.9203
-116.911	-18.9068
-116.911	-18.9068
-116.911	-18.9068
-70.0283	35.4943
-70.0282	35.4948
-70.0285	35.4952
-70.031	35.4963
-72.5492	38.7132
-72.5607	38.718
-72.6092	38.7422
-35.4998	37.3387
-35.5003	37.3382
-32.9573	41.0012
-32.9573	41.0012
-23.0875	42.8367
-23.0875	42.8367
-24.2382	49.8778
-24.2382	49.8778
-24.2382	49.8778
-24.2382	49.8778
-18.8868	53.2215
-18.8868	53.2215
-18.8868	53.2215
-18.8868	53.2215
-18.8948	53.2245
-18.8948	53.2245
-30.3097	52.8412
-30.3097	52.8412
-30.3183	52.8358
-30.3183	52.8358
-30.3097	52.8412
-30.3097	52.8412
-70.0235	38.4998
-70.0228	35.4997
-70.0227	35.4978
-72.7738	38.8202
-72.5238	38.771
-86.1368	25.068
-86.1368	25.068
-85.9922	25.2223
-85.9925	25.2225
-86.8805	26.8112
-86.881	26.8108
-86.8808	26.811
-88.5278	26.6988
-88.5278	26.6988
-91.2622	27.0113
-91.2622	27.0113
-91.409	27.1935
-91.409	27.1935
-88.3708	26.8353
-88.496	26.731
-88.3803	26.6902
-88.3803	26.6902
-86.2307	25.7682
-86.2772	25.754
-86.2772	25.754
